inf 7 5 12 16 5 6 5 2 16 13 10 10 16 17
7 inf 6 8 12 2 10 7 5 10 7 10 10 9 10
5 6 inf 7 10 6 11 10 6 16 9 5 5 13 15
12 8 7 inf 3 10 17 15 12 14 2 6 7 7 11
16 12 10 3 inf 13 21 19 15 16 5 8 9 8 13
5 2 6 10 13 inf 7 5 3 11 9 11 11 12 12
6 10 11 17 21 7 inf 2 5 17 17 16 16 19 18
5 7 10 15 19 5 2 inf 4 15 15 15 15 17 16
2 5 6 12 15 3 5 4 inf 14 12 11 11 14 15
16 10 16 14 16 11 17 15 14 inf 11 19 19 9 4
13 7 9 2 5 9 17 15 12 11 inf 8 9 4 8
10 10 5 6 8 11 16 15 11 19 8 inf 1 13 17
10 10 5 7 9 11 16 15 11 19 9 1 inf 14 17
16 9 13 7 8 12 19 17 14 9 4 13 14 inf 5
17 10 15 11 13 12 18 16 15 4 8 17 17 5 inf
